{
  "advancedEditorSelectedIdentifier" : "ProjectBrowser",
  "openSceneRelativePaths" : [
    "Scene.usda"
  ],
  "recentIdentifiers" : {
    "AF09ED6F-1707-48FD-8720-65B998362C09" : [

    ],
    "D66134B1-3681-4A8E-AFE5-29F257229F3B" : [

    ]
  },
  "sceneCameraHistory" : {
    "AF09ED6F-1707-48FD-8720-65B998362C09" : [
      {
        "date" : 737178246.550944,
        "title" : "Untitled",
        "transform" : [
          0.9979137,
          -2.328756e-09,
          0.06456104,
          0,
          0.047013678,
          0.68535924,
          -0.7266859,
          0,
          -0.044247504,
          0.7282051,
          0.6839294,
          0,
          -0.09551257,
          2.2513337,
          1.0054547,
          1
        ]
      },
      {
        "date" : 737009451.238299,
        "title" : "Untitled",
        "transform" : [
          0.9979138,
          -1.3332464e-09,
          0.06456105,
          0,
          0.04701369,
          0.68535924,
          -0.72668594,
          0,
          -0.044247508,
          0.72820514,
          0.6839294,
          0,
          -0.09551263,
          2.2513337,
          1.0054543,
          1
        ]
      },
      {
        "date" : 736754582.090635,
        "title" : "Untitled",
        "transform" : [
          0.9979138,
          1.7030368e-09,
          0.064561054,
          0,
          0.047013693,
          0.6853591,
          -0.726686,
          0,
          -0.044247504,
          0.7282052,
          0.6839293,
          0,
          0.263991,
          3.2449112,
          3.5604591,
          1
        ]
      },
      {
        "date" : 736174063.773702,
        "title" : "Untitled",
        "transform" : [
          0.9984495,
          4.1087977e-10,
          0.055664543,
          0,
          0.026802227,
          0.8764486,
          -0.48074895,
          0,
          -0.04878711,
          0.48149547,
          0.87508965,
          0,
          0.2558266,
          1.8469224,
          4.3520994,
          1
        ]
      },
      {
        "date" : 736174035.552914,
        "title" : "Untitled",
        "transform" : [
          0.99752367,
          -1.9079829e-09,
          -0.07033172,
          0,
          -0.03540451,
          0.8640574,
          -0.5021466,
          0,
          0.060770646,
          0.5033932,
          0.86191773,
          0,
          0.2558266,
          1.8469224,
          4.3520994,
          1
        ]
      },
      {
        "date" : 736174034.1364,
        "title" : "Untitled",
        "transform" : [
          0.99752367,
          -1.9079829e-09,
          -0.07033172,
          0,
          -0.03540451,
          0.8640574,
          -0.5021466,
          0,
          0.060770646,
          0.5033932,
          0.86191773,
          0,
          0.24121861,
          1.7573001,
          4.2823906,
          1
        ]
      },
      {
        "date" : 736174031.104014,
        "title" : "Untitled",
        "transform" : [
          0.99752367,
          -1.9079829e-09,
          -0.07033172,
          0,
          -0.03540451,
          0.8640574,
          -0.5021466,
          0,
          0.060770646,
          0.5033932,
          0.86191773,
          0,
          0.22731948,
          1.6720268,
          4.2160645,
          1
        ]
      },
      {
        "date" : 736173816.379785,
        "title" : "Untitled",
        "transform" : [
          0.99752367,
          -1.9079829e-09,
          -0.07033172,
          0,
          -0.03540451,
          0.8640574,
          -0.5021466,
          0,
          0.060770646,
          0.5033932,
          0.86191773,
          0,
          0.2925526,
          2.0722423,
          4.5273547,
          1
        ]
      },
      {
        "date" : 736173799.2748,
        "title" : "Untitled",
        "transform" : [
          0.99752367,
          5.147721e-09,
          -0.07033174,
          0,
          0.02267352,
          0.94661045,
          0.3215812,
          0,
          0.06657675,
          -0.32237956,
          0.9442664,
          0,
          0.1897225,
          -1.6198539,
          3.3443334,
          1
        ]
      },
      {
        "date" : 736173796.760689,
        "title" : "Untitled",
        "transform" : [
          0.9987537,
          5.1183555e-09,
          0.049910255,
          0,
          -0.03299081,
          0.7503834,
          0.660179,
          0,
          -0.037451833,
          -0.6610029,
          0.7494482,
          0,
          -0.16923971,
          -2.781308,
          2.4658003,
          1
        ]
      }
    ],
    "D66134B1-3681-4A8E-AFE5-29F257229F3B" : [
      {
        "date" : 737787721.075694,
        "title" : "Untitled",
        "transform" : [
          0.6915107,
          -9.266104e-09,
          -0.7223663,
          0,
          -0.16461925,
          0.9736872,
          -0.15758756,
          0,
          0.70335877,
          0.22788893,
          0.673315,
          0,
          7.2116723,
          2.3690293,
          3.8467379,
          1
        ]
      },
      {
        "date" : 737787700.056977,
        "title" : "Untitled",
        "transform" : [
          0.8092407,
          -8.319665e-10,
          -0.58747727,
          0,
          -0.287577,
          0.87199676,
          -0.39613274,
          0,
          0.5122783,
          0.48951173,
          0.70565516,
          0,
          5.9119363,
          4.2572284,
          4.1710505,
          1
        ]
      },
      {
        "date" : 737787697.618433,
        "title" : "Untitled",
        "transform" : [
          0.39241874,
          3.3208325e-10,
          -0.91978663,
          0,
          -0.41301456,
          0.89351517,
          -0.17620896,
          0,
          0.8218434,
          0.44903305,
          0.35063207,
          0,
          7.385632,
          3.9690278,
          1.0610822,
          1
        ]
      },
      {
        "date" : 737786110.042903,
        "title" : "Untitled",
        "transform" : [
          -0.016330617,
          -3.6668117e-09,
          -0.9998666,
          0,
          -0.2559493,
          0.9666812,
          0.0041803643,
          0,
          0.96655214,
          0.25598344,
          -0.015786499,
          0,
          7.833111,
          2.574464,
          -1.703009,
          1
        ]
      },
      {
        "date" : 737786098.289241,
        "title" : "Untitled",
        "transform" : [
          0.97089726,
          -3.5693306e-09,
          0.23949608,
          0,
          0.039164998,
          0.98653823,
          -0.15877165,
          0,
          -0.23627204,
          0.16353083,
          0.95782727,
          0,
          -0.403203,
          1.8205471,
          8.210284,
          1
        ]
      },
      {
        "date" : 737786094.243818,
        "title" : "Untitled",
        "transform" : [
          0.97089726,
          -3.5693306e-09,
          0.23949608,
          0,
          0.039164998,
          0.98653823,
          -0.15877165,
          0,
          -0.23627204,
          0.16353083,
          0.95782727,
          0,
          -0.9609647,
          1.8553629,
          8.066753,
          1
        ]
      },
      {
        "date" : 737341059.925645,
        "title" : "Untitled",
        "transform" : [
          0.97089726,
          -3.5693306e-09,
          0.23949608,
          0,
          0.039164998,
          0.98653823,
          -0.15877165,
          0,
          -0.23627204,
          0.16353083,
          0.95782727,
          0,
          -1.4958826,
          4.610654,
          7.464388,
          1
        ]
      },
      {
        "date" : 737341052.587802,
        "title" : "Untitled",
        "transform" : [
          0.9807085,
          1.8958664e-09,
          0.19547611,
          0,
          0.07029791,
          0.9330972,
          -0.35268638,
          0,
          -0.18239821,
          0.3596241,
          0.91509634,
          0,
          -3.5944245,
          11.073593,
          19.151484,
          1
        ]
      },
      {
        "date" : 737341039.417297,
        "title" : "Untitled",
        "transform" : [
          0.9807085,
          1.8958664e-09,
          0.19547611,
          0,
          0.07029791,
          0.9330972,
          -0.35268638,
          0,
          -0.18239821,
          0.3596241,
          0.91509634,
          0,
          -1.6549617,
          6.192163,
          10.809778,
          1
        ]
      },
      {
        "date" : 737341023.82242,
        "title" : "Untitled",
        "transform" : [
          0.9807085,
          1.8958664e-09,
          0.19547611,
          0,
          0.07029791,
          0.9330972,
          -0.35268638,
          0,
          -0.18239821,
          0.3596241,
          0.91509634,
          0,
          -0.7900019,
          4.4867735,
          6.4702663,
          1
        ]
      }
    ]
  },
  "selectedSceneRelativePath" : "Scene.usda"
}