{
  "advancedEditorSelectedIdentifier" : "ProjectBrowser",
  "openSceneRelativePaths" : [
    "Immersive.usda",
    "Scene.usda"
  ],
  "recentIdentifiers" : {
    "D66134B1-3681-4A8E-AFE5-29F257229F3B" : [

    ]
  },
  "sceneCameraHistory" : {
    "AF09ED6F-1707-48FD-8720-65B998362C09" : [
      {
        "date" : 734268076.572091,
        "title" : "Untitled",
        "transform" : [
          0.99999994,
          0,
          -0,
          0,
          -0,
          0.8660256,
          -0.4999995,
          0,
          0,
          0.4999995,
          0.8660256,
          0,
          -0.49999997,
          1.638997,
          -1.2265991,
          1
        ]
      },
      {
        "date" : 734268074.560509,
        "title" : "Untitled",
        "transform" : [
          0.99999994,
          0,
          -0,
          0,
          -0,
          0.8660256,
          -0.4999995,
          0,
          0,
          0.4999995,
          0.8660256,
          0,
          0.49999985,
          1.6389968,
          -1.226599,
          1
        ]
      },
      {
        "date" : 734268019.817546,
        "title" : "Untitled",
        "transform" : [
          0.99999994,
          0,
          -0,
          0,
          -0,
          0.8660256,
          -0.4999995,
          0,
          0,
          0.4999995,
          0.8660256,
          0,
          -0.49848482,
          1.8109198,
          -0.9554681,
          1
        ]
      },
      {
        "date" : 734064577.702396,
        "title" : "Untitled",
        "transform" : [
          0.99999994,
          0,
          -0,
          0,
          -0,
          0.86602575,
          -0.4999995,
          0,
          0,
          0.4999995,
          0.86602575,
          0,
          0,
          3.938404,
          4.7041764,
          1
        ]
      }
    ],
    "D66134B1-3681-4A8E-AFE5-29F257229F3B" : [
      {
        "date" : 734276643.968164,
        "title" : "Untitled",
        "transform" : [
          0.9994869,
          -7.070141e-09,
          -0.03203165,
          0,
          -0.011373752,
          0.93483645,
          -0.35489652,
          0,
          0.029944357,
          0.3550787,
          0.93435675,
          0,
          -0.82351476,
          2.273524,
          1.9289235,
          1
        ]
      },
      {
        "date" : 734276641.066974,
        "title" : "Untitled",
        "transform" : [
          0.9994869,
          -7.070141e-09,
          -0.03203165,
          0,
          -0.011373752,
          0.93483645,
          -0.35489652,
          0,
          0.029944357,
          0.3550787,
          0.93435675,
          0,
          -0.70211655,
          3.8374026,
          3.9436297,
          1
        ]
      },
      {
        "date" : 734276618.033891,
        "title" : "Untitled",
        "transform" : [
          0.9994869,
          -7.070141e-09,
          -0.03203165,
          0,
          -0.011373751,
          0.9348363,
          -0.3548965,
          0,
          0.02994436,
          0.35507873,
          0.93435687,
          0,
          -0.7165714,
          3.6511917,
          3.7037392,
          1
        ]
      },
      {
        "date" : 734275971.707594,
        "title" : "Untitled",
        "transform" : [
          0.9999998,
          -7.0173596e-09,
          -0.0008428341,
          0,
          -0.00031332512,
          0.9283291,
          -0.3717591,
          0,
          0.00078243297,
          0.37175927,
          0.92832893,
          0,
          -0.86347103,
          3.734942,
          3.644164,
          1
        ]
      },
      {
        "date" : 734275943.128057,
        "title" : "Untitled",
        "transform" : [
          0.9995395,
          -9.291268e-09,
          0.030346802,
          0,
          0.019416036,
          0.7685385,
          -0.6395089,
          0,
          -0.023322565,
          0.6398038,
          0.76818436,
          0,
          -1.1572695,
          2.6638627,
          2.342698,
          1
        ]
      },
      {
        "date" : 734275882.110072,
        "title" : "Untitled",
        "transform" : [
          0.9946654,
          -9.2799155e-09,
          -0.10315454,
          0,
          -0.068794645,
          0.7451392,
          -0.66335124,
          0,
          0.076864585,
          0.6669092,
          0.7411639,
          0,
          -0.58714503,
          2.8177338,
          2.2272742,
          1
        ]
      },
      {
        "date" : 734275869.316988,
        "title" : "Untitled",
        "transform" : [
          -0.9731041,
          6.913488e-09,
          0.2303655,
          0,
          0.20110646,
          0.48774,
          0.8495091,
          0,
          -0.112358496,
          0.87298906,
          -0.47462156,
          0,
          -1.2898873,
          2.9368145,
          -2.5008545,
          1
        ]
      },
      {
        "date" : 734275861.606327,
        "title" : "Untitled",
        "transform" : [
          0.51495737,
          5.3658624e-09,
          -0.8572157,
          0,
          -0.5601571,
          0.7569601,
          -0.33650464,
          0,
          0.6488781,
          0.6534612,
          0.38980207,
          0,
          2.5385818,
          2.212116,
          -0.6087067,
          1
        ]
      },
      {
        "date" : 734275838.299141,
        "title" : "Untitled",
        "transform" : [
          0.9981562,
          -4.828335e-09,
          0.06069722,
          0,
          0.057587344,
          0.31598574,
          -0.9470146,
          0,
          -0.019179326,
          0.948764,
          0.31540304,
          0,
          0.75130045,
          3.1841815,
          -0.07132566,
          1
        ]
      },
      {
        "date" : 734275823.414224,
        "title" : "Untitled",
        "transform" : [
          0.4790951,
          -6.544388e-09,
          -0.877763,
          0,
          -0.6625582,
          0.65592515,
          -0.3616334,
          0,
          0.5757469,
          0.754826,
          0.31425044,
          0,
          2.258835,
          2.5475588,
          -0.8803477,
          1
        ]
      }
    ]
  },
  "selectedSceneRelativePath" : "Scene.usda"
}