{
  "advancedEditorSelectedIdentifier" : "ProjectBrowser",
  "openSceneRelativePaths" : [
    "Scene.usda"
  ],
  "recentIdentifiers" : {
    "AF09ED6F-1707-48FD-8720-65B998362C09" : [

    ],
    "D66134B1-3681-4A8E-AFE5-29F257229F3B" : [

    ]
  },
  "sceneCameraHistory" : {
    "AF09ED6F-1707-48FD-8720-65B998362C09" : [
      {
        "date" : 737178246.550944,
        "title" : "Untitled",
        "transform" : [
          0.9979137,
          -2.328756e-09,
          0.06456104,
          0,
          0.047013678,
          0.68535924,
          -0.7266859,
          0,
          -0.044247504,
          0.7282051,
          0.6839294,
          0,
          -0.09551257,
          2.2513337,
          1.0054547,
          1
        ]
      },
      {
        "date" : 737009451.238299,
        "title" : "Untitled",
        "transform" : [
          0.9979138,
          -1.3332464e-09,
          0.06456105,
          0,
          0.04701369,
          0.68535924,
          -0.72668594,
          0,
          -0.044247508,
          0.72820514,
          0.6839294,
          0,
          -0.09551263,
          2.2513337,
          1.0054543,
          1
        ]
      },
      {
        "date" : 736754582.090635,
        "title" : "Untitled",
        "transform" : [
          0.9979138,
          1.7030368e-09,
          0.064561054,
          0,
          0.047013693,
          0.6853591,
          -0.726686,
          0,
          -0.044247504,
          0.7282052,
          0.6839293,
          0,
          0.263991,
          3.2449112,
          3.5604591,
          1
        ]
      },
      {
        "date" : 736174063.773702,
        "title" : "Untitled",
        "transform" : [
          0.9984495,
          4.1087977e-10,
          0.055664543,
          0,
          0.026802227,
          0.8764486,
          -0.48074895,
          0,
          -0.04878711,
          0.48149547,
          0.87508965,
          0,
          0.2558266,
          1.8469224,
          4.3520994,
          1
        ]
      },
      {
        "date" : 736174035.552914,
        "title" : "Untitled",
        "transform" : [
          0.99752367,
          -1.9079829e-09,
          -0.07033172,
          0,
          -0.03540451,
          0.8640574,
          -0.5021466,
          0,
          0.060770646,
          0.5033932,
          0.86191773,
          0,
          0.2558266,
          1.8469224,
          4.3520994,
          1
        ]
      },
      {
        "date" : 736174034.1364,
        "title" : "Untitled",
        "transform" : [
          0.99752367,
          -1.9079829e-09,
          -0.07033172,
          0,
          -0.03540451,
          0.8640574,
          -0.5021466,
          0,
          0.060770646,
          0.5033932,
          0.86191773,
          0,
          0.24121861,
          1.7573001,
          4.2823906,
          1
        ]
      },
      {
        "date" : 736174031.104014,
        "title" : "Untitled",
        "transform" : [
          0.99752367,
          -1.9079829e-09,
          -0.07033172,
          0,
          -0.03540451,
          0.8640574,
          -0.5021466,
          0,
          0.060770646,
          0.5033932,
          0.86191773,
          0,
          0.22731948,
          1.6720268,
          4.2160645,
          1
        ]
      },
      {
        "date" : 736173816.379785,
        "title" : "Untitled",
        "transform" : [
          0.99752367,
          -1.9079829e-09,
          -0.07033172,
          0,
          -0.03540451,
          0.8640574,
          -0.5021466,
          0,
          0.060770646,
          0.5033932,
          0.86191773,
          0,
          0.2925526,
          2.0722423,
          4.5273547,
          1
        ]
      },
      {
        "date" : 736173799.2748,
        "title" : "Untitled",
        "transform" : [
          0.99752367,
          5.147721e-09,
          -0.07033174,
          0,
          0.02267352,
          0.94661045,
          0.3215812,
          0,
          0.06657675,
          -0.32237956,
          0.9442664,
          0,
          0.1897225,
          -1.6198539,
          3.3443334,
          1
        ]
      },
      {
        "date" : 736173796.760689,
        "title" : "Untitled",
        "transform" : [
          0.9987537,
          5.1183555e-09,
          0.049910255,
          0,
          -0.03299081,
          0.7503834,
          0.660179,
          0,
          -0.037451833,
          -0.6610029,
          0.7494482,
          0,
          -0.16923971,
          -2.781308,
          2.4658003,
          1
        ]
      }
    ],
    "D66134B1-3681-4A8E-AFE5-29F257229F3B" : [
      {
        "date" : 738414495.424558,
        "title" : "Untitled",
        "transform" : [
          -0.98418975,
          -8.929738e-09,
          0.17711742,
          0,
          0.08840144,
          0.86653745,
          0.49122095,
          0,
          -0.15347888,
          0.49911204,
          -0.8528372,
          0,
          0.37697887,
          2.0257547,
          -0.7256612,
          1
        ]
      },
      {
        "date" : 738413661.669538,
        "title" : "Untitled",
        "transform" : [
          -0.9841896,
          -1.0888e-08,
          0.1771174,
          0,
          0.08840144,
          0.8665375,
          0.49122098,
          0,
          -0.15347889,
          0.49911207,
          -0.8528373,
          0,
          -0.051807284,
          2.2250261,
          -0.82129204,
          1
        ]
      },
      {
        "date" : 738400439.143874,
        "title" : "Untitled",
        "transform" : [
          -0.9808763,
          -9.620838e-09,
          0.19463183,
          0,
          0.11746438,
          0.79734725,
          0.5919794,
          0,
          -0.15518917,
          0.6035209,
          -0.78209907,
          0,
          -0.028149482,
          2.470335,
          -0.50879586,
          1
        ]
      },
      {
        "date" : 738400433.567648,
        "title" : "Untitled",
        "transform" : [
          -0.98274654,
          7.2857933e-09,
          0.18495709,
          0,
          0.047384184,
          0.9666264,
          0.25176996,
          0,
          -0.1787844,
          0.25619012,
          -0.9499488,
          0,
          -0.028149482,
          2.470335,
          -0.50879586,
          1
        ]
      },
      {
        "date" : 738400426.526326,
        "title" : "Untitled",
        "transform" : [
          -0.9490068,
          -3.9546144e-10,
          -0.31525564,
          0,
          -0.14056644,
          0.8950923,
          0.42314392,
          0,
          0.2821829,
          0.44588086,
          -0.84944874,
          0,
          1.5914152,
          2.470335,
          -0.74664104,
          1
        ]
      },
      {
        "date" : 738400396.148338,
        "title" : "Untitled",
        "transform" : [
          -0.85358423,
          -3.475789e-05,
          -0.5209549,
          0,
          -0.41428828,
          0.60632986,
          0.67877054,
          0,
          0.31584692,
          0.7952132,
          -0.51756793,
          0,
          1.5914152,
          2.470335,
          -0.74664104,
          1
        ]
      },
      {
        "date" : 738400389.810554,
        "title" : "Untitled",
        "transform" : [
          -0.87144935,
          -3.4754026e-05,
          -0.4904853,
          0,
          -0.41035074,
          0.54783255,
          0.7290348,
          0,
          0.2686785,
          0.8365879,
          -0.4774226,
          0,
          1.4190273,
          2.622537,
          -0.6008831,
          1
        ]
      },
      {
        "date" : 738400363.292258,
        "title" : "Untitled",
        "transform" : [
          -0.9983321,
          -3.475818e-05,
          0.057731204,
          0,
          0.039674148,
          0.72603446,
          0.6865128,
          0,
          -0.041938707,
          0.68765825,
          -0.72482216,
          0,
          0.035185784,
          1.9933221,
          -1.3371499,
          1
        ]
      },
      {
        "date" : 738400350.587664,
        "title" : "Untitled",
        "transform" : [
          -0.9882788,
          3.0952535e-08,
          -0.15265992,
          0,
          -0.113920964,
          0.6656767,
          0.7374935,
          0,
          0.101622164,
          0.7462403,
          -0.6578741,
          0,
          0.035185784,
          1.9933221,
          -1.3371499,
          1
        ]
      },
      {
        "date" : 738400281.032107,
        "title" : "Untitled",
        "transform" : [
          -0.9882788,
          2.8716459e-08,
          -0.15265991,
          0,
          -0.113920964,
          0.6656766,
          0.73749346,
          0,
          0.101622164,
          0.7462403,
          -0.65787405,
          0,
          0.8578164,
          2.90317,
          0.083586216,
          1
        ]
      }
    ]
  },
  "selectedSceneRelativePath" : "Scene.usda"
}