{
  "advancedEditorSelectedIdentifier" : "ProjectBrowser",
  "openSceneRelativePaths" : [
    "Immersive.usda",
    "Scene.usda"
  ],
  "recentIdentifiers" : {
    "D66134B1-3681-4A8E-AFE5-29F257229F3B" : [

    ]
  },
  "sceneCameraHistory" : {
    "AF09ED6F-1707-48FD-8720-65B998362C09" : [
      {
        "date" : 734268076.572091,
        "title" : "Untitled",
        "transform" : [
          0.99999994,
          0,
          -0,
          0,
          -0,
          0.8660256,
          -0.4999995,
          0,
          0,
          0.4999995,
          0.8660256,
          0,
          -0.49999997,
          1.638997,
          -1.2265991,
          1
        ]
      },
      {
        "date" : 734268074.560509,
        "title" : "Untitled",
        "transform" : [
          0.99999994,
          0,
          -0,
          0,
          -0,
          0.8660256,
          -0.4999995,
          0,
          0,
          0.4999995,
          0.8660256,
          0,
          0.49999985,
          1.6389968,
          -1.226599,
          1
        ]
      },
      {
        "date" : 734268019.817546,
        "title" : "Untitled",
        "transform" : [
          0.99999994,
          0,
          -0,
          0,
          -0,
          0.8660256,
          -0.4999995,
          0,
          0,
          0.4999995,
          0.8660256,
          0,
          -0.49848482,
          1.8109198,
          -0.9554681,
          1
        ]
      },
      {
        "date" : 734064577.702396,
        "title" : "Untitled",
        "transform" : [
          0.99999994,
          0,
          -0,
          0,
          -0,
          0.86602575,
          -0.4999995,
          0,
          0,
          0.4999995,
          0.86602575,
          0,
          0,
          3.938404,
          4.7041764,
          1
        ]
      }
    ],
    "D66134B1-3681-4A8E-AFE5-29F257229F3B" : [
      {
        "date" : 735228187.680851,
        "title" : "Untitled",
        "transform" : [
          0.9328749,
          -2.7001896e-08,
          0.36020055,
          0,
          0.17163442,
          0.87917626,
          -0.4445119,
          0,
          -0.31667975,
          0.47649682,
          0.82016146,
          0,
          -1.3287525,
          3.816439,
          7.942004,
          1
        ]
      },
      {
        "date" : 735228166.320444,
        "title" : "Untitled",
        "transform" : [
          0.93287486,
          -2.4890959e-08,
          0.36020055,
          0,
          0.17163445,
          0.8791762,
          -0.44451192,
          0,
          -0.31667975,
          0.47649682,
          0.82016134,
          0,
          -0.50853246,
          3.9334705,
          3.2543046,
          1
        ]
      },
      {
        "date" : 735228151.167359,
        "title" : "Untitled",
        "transform" : [
          0.66382176,
          -5.9545284e-09,
          -0.74789083,
          0,
          -0.41742435,
          0.82974994,
          -0.3705024,
          0,
          0.6205624,
          0.5581354,
          0.55080605,
          0,
          5.064956,
          4.6995807,
          2.0492628,
          1
        ]
      },
      {
        "date" : 735228141.163725,
        "title" : "Untitled",
        "transform" : [
          0.66382176,
          -5.9545284e-09,
          -0.74789083,
          0,
          -0.41742435,
          0.82974994,
          -0.3705024,
          0,
          0.6205624,
          0.5581354,
          0.55080605,
          0,
          3.437781,
          3.189787,
          1.3909138,
          1
        ]
      },
      {
        "date" : 735228139.504526,
        "title" : "Untitled",
        "transform" : [
          0.66382176,
          -5.9545284e-09,
          -0.74789083,
          0,
          -0.41742435,
          0.82974994,
          -0.3705024,
          0,
          0.6205624,
          0.5581354,
          0.55080605,
          0,
          3.5982437,
          3.2715073,
          1.7659378,
          1
        ]
      },
      {
        "date" : 735228115.933879,
        "title" : "Untitled",
        "transform" : [
          0.47512785,
          -0.015211684,
          0.8797853,
          0,
          0.8275014,
          0.3476572,
          -0.4408809,
          0,
          -0.29915714,
          0.9374983,
          0.1777693,
          0,
          -4.347604,
          10.109358,
          0.14622621,
          1
        ]
      },
      {
        "date" : 735228113.877194,
        "title" : "Untitled",
        "transform" : [
          0.47512785,
          -0.015211684,
          0.8797853,
          0,
          0.8275014,
          0.3476572,
          -0.4408809,
          0,
          -0.29915714,
          0.9374983,
          0.1777693,
          0,
          -3.563191,
          8.285385,
          0.11984346,
          1
        ]
      },
      {
        "date" : 735228100.915333,
        "title" : "Untitled",
        "transform" : [
          0.47512785,
          -0.015211684,
          0.8797853,
          0,
          0.8275014,
          0.3476572,
          -0.4408809,
          0,
          -0.29915714,
          0.9374983,
          0.1777693,
          0,
          -4.42759,
          10.295348,
          0.14891647,
          1
        ]
      },
      {
        "date" : 735228094.12437,
        "title" : "Untitled",
        "transform" : [
          0.9874526,
          -2.7924245e-06,
          0.15791585,
          0,
          0.13672273,
          0.5004142,
          -0.8549226,
          0,
          -0.0790209,
          0.8657861,
          0.49413556,
          0,
          -4.426424,
          10.28257,
          0.14162397,
          1
        ]
      },
      {
        "date" : 734878391.695125,
        "title" : "Untitled",
        "transform" : [
          0.9999421,
          -2.796977e-06,
          -0.010760594,
          0,
          -0.0065339655,
          0.794382,
          -0.6073835,
          0,
          0.008549733,
          0.6074186,
          0.79433584,
          0,
          -3.4555528,
          7.450539,
          3.2838001,
          1
        ]
      }
    ]
  },
  "selectedSceneRelativePath" : "Scene.usda"
}