{
  "advancedEditorSelectedIdentifier" : "ProjectBrowser",
  "openSceneRelativePaths" : [
    "Immersive.usda",
    "Scene.usda"
  ],
  "recentIdentifiers" : {
    "D66134B1-3681-4A8E-AFE5-29F257229F3B" : [

    ]
  },
  "sceneCameraHistory" : {
    "AF09ED6F-1707-48FD-8720-65B998362C09" : [
      {
        "date" : 734064577.702396,
        "title" : "Untitled",
        "transform" : [
          0.99999994,
          0,
          -0,
          0,
          -0,
          0.86602575,
          -0.4999995,
          0,
          0,
          0.4999995,
          0.86602575,
          0,
          0,
          3.938404,
          4.7041764,
          1
        ]
      }
    ],
    "D66134B1-3681-4A8E-AFE5-29F257229F3B" : [
      {
        "date" : 734144995.642565,
        "title" : "Untitled",
        "transform" : [
          0.9994457,
          3.8143106e-09,
          -0.03329446,
          0,
          -0.0029400887,
          0.99609345,
          -0.08825661,
          0,
          0.033164393,
          0.088305496,
          0.9955413,
          0,
          3.0869954,
          1.9895731,
          2.092565,
          1
        ]
      },
      {
        "date" : 734144938.599335,
        "title" : "Untitled",
        "transform" : [
          0.9973005,
          4.156362e-09,
          -0.07342846,
          0,
          -0.025780749,
          0.9363379,
          -0.3501524,
          0,
          0.068753846,
          0.35110018,
          0.9338103,
          0,
          3.1530037,
          2.6856146,
          1.4004356,
          1
        ]
      },
      {
        "date" : 734144852.831494,
        "title" : "Untitled",
        "transform" : [
          0.99730045,
          1.2573138e-09,
          -0.07342846,
          0,
          -0.025780754,
          0.9363379,
          -0.35015243,
          0,
          0.068753846,
          0.35110018,
          0.9338102,
          0,
          0.14729038,
          1.6595966,
          1.5886881,
          1
        ]
      },
      {
        "date" : 734144837.377565,
        "title" : "Untitled",
        "transform" : [
          0.99696594,
          1.6348771e-09,
          -0.077837296,
          0,
          -0.020085838,
          0.96613187,
          -0.25726604,
          0,
          0.075201094,
          0.2580489,
          0.96320057,
          0,
          0.16632695,
          1.4960011,
          1.7418959,
          1
        ]
      },
      {
        "date" : 734065478.757077,
        "title" : "Untitled",
        "transform" : [
          0.99960285,
          -1.3444124e-10,
          0.028179059,
          0,
          0.024955373,
          0.4644487,
          -0.88524824,
          0,
          -0.013087727,
          0.8855999,
          0.46426433,
          0,
          0.027853418,
          2.3004093,
          0.08500949,
          1
        ]
      },
      {
        "date" : 734065474.663541,
        "title" : "Untitled",
        "transform" : [
          0.99999994,
          0,
          -0,
          0,
          -0,
          0.8660254,
          -0.49999988,
          0,
          0,
          0.49999988,
          0.8660254,
          0,
          0.03305575,
          2.000407,
          0.7509773,
          1
        ]
      },
      {
        "date" : 734064577.732682,
        "title" : "Untitled",
        "transform" : [
          0.99999994,
          0,
          -0,
          0,
          -0,
          0.8660254,
          -0.49999988,
          0,
          0,
          0.49999988,
          0.8660254,
          0,
          0,
          0.2287297,
          0.39637148,
          1
        ]
      }
    ]
  },
  "selectedSceneRelativePath" : "Scene.usda"
}