{
  "advancedEditorSelectedIdentifier" : "ProjectBrowser",
  "openSceneRelativePaths" : [
    "Immersive.usda",
    "Scene.usda"
  ],
  "recentIdentifiers" : {
    "D66134B1-3681-4A8E-AFE5-29F257229F3B" : [

    ]
  },
  "sceneCameraHistory" : {
    "AF09ED6F-1707-48FD-8720-65B998362C09" : [
      {
        "date" : 734268076.572091,
        "title" : "Untitled",
        "transform" : [
          0.99999994,
          0,
          -0,
          0,
          -0,
          0.8660256,
          -0.4999995,
          0,
          0,
          0.4999995,
          0.8660256,
          0,
          -0.49999997,
          1.638997,
          -1.2265991,
          1
        ]
      },
      {
        "date" : 734268074.560509,
        "title" : "Untitled",
        "transform" : [
          0.99999994,
          0,
          -0,
          0,
          -0,
          0.8660256,
          -0.4999995,
          0,
          0,
          0.4999995,
          0.8660256,
          0,
          0.49999985,
          1.6389968,
          -1.226599,
          1
        ]
      },
      {
        "date" : 734268019.817546,
        "title" : "Untitled",
        "transform" : [
          0.99999994,
          0,
          -0,
          0,
          -0,
          0.8660256,
          -0.4999995,
          0,
          0,
          0.4999995,
          0.8660256,
          0,
          -0.49848482,
          1.8109198,
          -0.9554681,
          1
        ]
      },
      {
        "date" : 734064577.702396,
        "title" : "Untitled",
        "transform" : [
          0.99999994,
          0,
          -0,
          0,
          -0,
          0.86602575,
          -0.4999995,
          0,
          0,
          0.4999995,
          0.86602575,
          0,
          0,
          3.938404,
          4.7041764,
          1
        ]
      }
    ],
    "D66134B1-3681-4A8E-AFE5-29F257229F3B" : [
      {
        "date" : 734878391.695125,
        "title" : "Untitled",
        "transform" : [
          0.9999421,
          -2.796977e-06,
          -0.010760594,
          0,
          -0.0065339655,
          0.794382,
          -0.6073835,
          0,
          0.008549733,
          0.6074186,
          0.79433584,
          0,
          -3.4555528,
          7.450539,
          3.2838001,
          1
        ]
      },
      {
        "date" : 734878380.639672,
        "title" : "Untitled",
        "transform" : [
          0.9999337,
          -2.797002e-06,
          0.011520584,
          0,
          0.00763686,
          0.7488791,
          -0.66266274,
          0,
          -0.0086256545,
          0.66270673,
          0.7488293,
          0,
          -3.5255456,
          7.6763215,
          2.7110953,
          1
        ]
      },
      {
        "date" : 734878364.540459,
        "title" : "Untitled",
        "transform" : [
          0.99892324,
          -2.7973117e-06,
          -0.046394773,
          0,
          -0.01505387,
          0.94587535,
          -0.324181,
          0,
          0.043884587,
          0.32453036,
          0.9448567,
          0,
          -2.9077518,
          4.2569027,
          3.876861,
          1
        ]
      },
      {
        "date" : 734877478.435119,
        "title" : "Untitled",
        "transform" : [
          0.99892324,
          -2.7973117e-06,
          -0.046394773,
          0,
          -0.01505387,
          0.94587535,
          -0.324181,
          0,
          0.043884587,
          0.32453036,
          0.9448567,
          0,
          -2.8094132,
          2.7491195,
          1.32871,
          1
        ]
      },
      {
        "date" : 734877463.578583,
        "title" : "Untitled",
        "transform" : [
          0.009045697,
          3.7664396e-09,
          -0.9999591,
          0,
          -0.8898552,
          0.45617202,
          -0.008049683,
          0,
          0.45615342,
          0.8898916,
          0.004126389,
          0,
          0.22477126,
          7.8268323,
          -0.29153252,
          1
        ]
      },
      {
        "date" : 734877454.44254,
        "title" : "Untitled",
        "transform" : [
          0.21675894,
          3.768881e-09,
          -0.9762252,
          0,
          -0.83464026,
          0.5186825,
          -0.18532172,
          0,
          0.50635093,
          0.85496694,
          0.11242906,
          0,
          0.13301465,
          7.7172318,
          0.019858675,
          1
        ]
      },
      {
        "date" : 734877324.136428,
        "title" : "Untitled",
        "transform" : [
          0.9994869,
          -7.070141e-09,
          -0.03203165,
          0,
          -0.011373752,
          0.93483645,
          -0.35489652,
          0,
          0.029944357,
          0.3550787,
          0.93435675,
          0,
          -1.4196135,
          3.9192088,
          3.3251696,
          1
        ]
      },
      {
        "date" : 734276643.968164,
        "title" : "Untitled",
        "transform" : [
          0.9994869,
          -7.070141e-09,
          -0.03203165,
          0,
          -0.011373752,
          0.93483645,
          -0.35489652,
          0,
          0.029944357,
          0.3550787,
          0.93435675,
          0,
          -0.82351476,
          2.273524,
          1.9289235,
          1
        ]
      },
      {
        "date" : 734276641.066974,
        "title" : "Untitled",
        "transform" : [
          0.9994869,
          -7.070141e-09,
          -0.03203165,
          0,
          -0.011373752,
          0.93483645,
          -0.35489652,
          0,
          0.029944357,
          0.3550787,
          0.93435675,
          0,
          -0.70211655,
          3.8374026,
          3.9436297,
          1
        ]
      },
      {
        "date" : 734276618.033891,
        "title" : "Untitled",
        "transform" : [
          0.9994869,
          -7.070141e-09,
          -0.03203165,
          0,
          -0.011373751,
          0.9348363,
          -0.3548965,
          0,
          0.02994436,
          0.35507873,
          0.93435687,
          0,
          -0.7165714,
          3.6511917,
          3.7037392,
          1
        ]
      }
    ]
  },
  "selectedSceneRelativePath" : "Scene.usda"
}