{
  "advancedEditorSelectedIdentifier" : "ProjectBrowser",
  "openSceneRelativePaths" : [
    "Immersive.usda",
    "Scene.usda"
  ],
  "recentIdentifiers" : {
    "D66134B1-3681-4A8E-AFE5-29F257229F3B" : [

    ]
  },
  "sceneCameraHistory" : {
    "AF09ED6F-1707-48FD-8720-65B998362C09" : [
      {
        "date" : 736174063.773702,
        "title" : "Untitled",
        "transform" : [
          0.9984495,
          4.1087977e-10,
          0.055664543,
          0,
          0.026802227,
          0.8764486,
          -0.48074895,
          0,
          -0.04878711,
          0.48149547,
          0.87508965,
          0,
          0.2558266,
          1.8469224,
          4.3520994,
          1
        ]
      },
      {
        "date" : 736174035.552914,
        "title" : "Untitled",
        "transform" : [
          0.99752367,
          -1.9079829e-09,
          -0.07033172,
          0,
          -0.03540451,
          0.8640574,
          -0.5021466,
          0,
          0.060770646,
          0.5033932,
          0.86191773,
          0,
          0.2558266,
          1.8469224,
          4.3520994,
          1
        ]
      },
      {
        "date" : 736174034.1364,
        "title" : "Untitled",
        "transform" : [
          0.99752367,
          -1.9079829e-09,
          -0.07033172,
          0,
          -0.03540451,
          0.8640574,
          -0.5021466,
          0,
          0.060770646,
          0.5033932,
          0.86191773,
          0,
          0.24121861,
          1.7573001,
          4.2823906,
          1
        ]
      },
      {
        "date" : 736174031.104014,
        "title" : "Untitled",
        "transform" : [
          0.99752367,
          -1.9079829e-09,
          -0.07033172,
          0,
          -0.03540451,
          0.8640574,
          -0.5021466,
          0,
          0.060770646,
          0.5033932,
          0.86191773,
          0,
          0.22731948,
          1.6720268,
          4.2160645,
          1
        ]
      },
      {
        "date" : 736173816.379785,
        "title" : "Untitled",
        "transform" : [
          0.99752367,
          -1.9079829e-09,
          -0.07033172,
          0,
          -0.03540451,
          0.8640574,
          -0.5021466,
          0,
          0.060770646,
          0.5033932,
          0.86191773,
          0,
          0.2925526,
          2.0722423,
          4.5273547,
          1
        ]
      },
      {
        "date" : 736173799.2748,
        "title" : "Untitled",
        "transform" : [
          0.99752367,
          5.147721e-09,
          -0.07033174,
          0,
          0.02267352,
          0.94661045,
          0.3215812,
          0,
          0.06657675,
          -0.32237956,
          0.9442664,
          0,
          0.1897225,
          -1.6198539,
          3.3443334,
          1
        ]
      },
      {
        "date" : 736173796.760689,
        "title" : "Untitled",
        "transform" : [
          0.9987537,
          5.1183555e-09,
          0.049910255,
          0,
          -0.03299081,
          0.7503834,
          0.660179,
          0,
          -0.037451833,
          -0.6610029,
          0.7494482,
          0,
          -0.16923971,
          -2.781308,
          2.4658003,
          1
        ]
      },
      {
        "date" : 736173794.572986,
        "title" : "Untitled",
        "transform" : [
          0.9959493,
          6.6678467e-09,
          0.08991635,
          0,
          -0.07854216,
          0.48681948,
          0.86996436,
          0,
          -0.043773033,
          -0.8735026,
          0.48484752,
          0,
          -0.1717918,
          -3.4464717,
          1.391692,
          1
        ]
      },
      {
        "date" : 736173775.631304,
        "title" : "Untitled",
        "transform" : [
          0.9968572,
          -9.887532e-10,
          -0.079219416,
          0,
          -0.039517142,
          0.866699,
          -0.49726388,
          0,
          0.06865938,
          0.4988316,
          0.8639751,
          0,
          0.28039464,
          1.8004477,
          4.249249,
          1
        ]
      },
      {
        "date" : 736173732.994805,
        "title" : "Untitled",
        "transform" : [
          0.9968572,
          -9.887532e-10,
          -0.079219416,
          0,
          -0.039517142,
          0.866699,
          -0.49726388,
          0,
          0.06865938,
          0.4988316,
          0.8639751,
          0,
          0.26678842,
          1.7130806,
          4.043053,
          1
        ]
      }
    ],
    "D66134B1-3681-4A8E-AFE5-29F257229F3B" : [
      {
        "date" : 736473243.693985,
        "title" : "Untitled",
        "transform" : [
          0.9922457,
          -1.5889583e-09,
          0.124292,
          0,
          0.029508801,
          0.97140825,
          -0.23557413,
          0,
          -0.12073828,
          0.2374151,
          0.96387565,
          0,
          -6.292122,
          1.4164275,
          2.7899091,
          1
        ]
      },
      {
        "date" : 736473117.639726,
        "title" : "Untitled",
        "transform" : [
          0.9922457,
          -1.5889583e-09,
          0.124292,
          0,
          0.029508801,
          0.97140825,
          -0.23557413,
          0,
          -0.12073828,
          0.2374151,
          0.96387565,
          0,
          -6.2903037,
          1.4128529,
          2.7753963,
          1
        ]
      },
      {
        "date" : 736473052.941057,
        "title" : "Untitled",
        "transform" : [
          0.9922456,
          -1.0243888e-09,
          0.12429199,
          0,
          0.029508797,
          0.9714083,
          -0.23557413,
          0,
          -0.120738275,
          0.2374151,
          0.9638757,
          0,
          -5.3577857,
          1.4213228,
          2.3357124,
          1
        ]
      },
      {
        "date" : 736473050.579857,
        "title" : "Untitled",
        "transform" : [
          0.99587584,
          -8.139103e-10,
          0.09072705,
          0,
          0.031243578,
          0.9388345,
          -0.34294868,
          0,
          -0.085177675,
          0.3443689,
          0.93496245,
          0,
          -5.2714634,
          1.6484418,
          2.1743774,
          1
        ]
      },
      {
        "date" : 736473048.17857,
        "title" : "Untitled",
        "transform" : [
          0.99587584,
          5.8885663e-10,
          0.09072707,
          0,
          0.031243587,
          0.9388345,
          -0.34294868,
          0,
          -0.08517769,
          0.3443689,
          0.93496245,
          0,
          -1.3360307,
          6.8734374,
          13.116931,
          1
        ]
      },
      {
        "date" : 736472742.526126,
        "title" : "Untitled",
        "transform" : [
          1,
          0,
          -0,
          0,
          -0,
          0.7071069,
          -0.7071067,
          0,
          0,
          0.7071067,
          0.7071069,
          0,
          -0.18352264,
          11.483787,
          8.682968,
          1
        ]
      },
      {
        "date" : 736472734.323665,
        "title" : "Untitled",
        "transform" : [
          1,
          0,
          0,
          0,
          0,
          0.7071069,
          -0.70710677,
          0,
          0,
          0.70710677,
          0.7071069,
          0,
          -0.028586328,
          1.7006228,
          1.9569578,
          1
        ]
      },
      {
        "date" : 736472729.840295,
        "title" : "Untitled",
        "transform" : [
          0.900664,
          -7.3569595e-10,
          -0.4345163,
          0,
          -0.29614422,
          0.73177236,
          -0.6138467,
          0,
          0.317967,
          0.6815491,
          0.659081,
          0,
          2.6617773,
          5.4391828,
          2.5118232,
          1
        ]
      },
      {
        "date" : 736472727.30726,
        "title" : "Untitled",
        "transform" : [
          0.9146457,
          -6.4686603e-09,
          -0.40425646,
          0,
          -0.22823443,
          0.82537955,
          -0.51638913,
          0,
          0.33366498,
          0.5645783,
          0.7549298,
          0,
          2.8898575,
          4.932817,
          3.2732983,
          1
        ]
      },
      {
        "date" : 736472721.524566,
        "title" : "Untitled",
        "transform" : [
          0.9146457,
          -6.4686603e-09,
          -0.40425646,
          0,
          -0.22823443,
          0.82537955,
          -0.51638913,
          0,
          0.33366498,
          0.5645783,
          0.7549298,
          0,
          3.4132893,
          2.2482872,
          5.049592,
          1
        ]
      }
    ]
  },
  "selectedSceneRelativePath" : "Scene.usda"
}