{
  "advancedEditorSelectedIdentifier" : "ProjectBrowser",
  "openSceneRelativePaths" : [
    "Immersive.usda",
    "Scene.usda"
  ],
  "recentIdentifiers" : {
    "D66134B1-3681-4A8E-AFE5-29F257229F3B" : [

    ]
  },
  "sceneCameraHistory" : {
    "AF09ED6F-1707-48FD-8720-65B998362C09" : [
      {
        "date" : 736174063.773702,
        "title" : "Untitled",
        "transform" : [
          0.9984495,
          4.1087977e-10,
          0.055664543,
          0,
          0.026802227,
          0.8764486,
          -0.48074895,
          0,
          -0.04878711,
          0.48149547,
          0.87508965,
          0,
          0.2558266,
          1.8469224,
          4.3520994,
          1
        ]
      },
      {
        "date" : 736174035.552914,
        "title" : "Untitled",
        "transform" : [
          0.99752367,
          -1.9079829e-09,
          -0.07033172,
          0,
          -0.03540451,
          0.8640574,
          -0.5021466,
          0,
          0.060770646,
          0.5033932,
          0.86191773,
          0,
          0.2558266,
          1.8469224,
          4.3520994,
          1
        ]
      },
      {
        "date" : 736174034.1364,
        "title" : "Untitled",
        "transform" : [
          0.99752367,
          -1.9079829e-09,
          -0.07033172,
          0,
          -0.03540451,
          0.8640574,
          -0.5021466,
          0,
          0.060770646,
          0.5033932,
          0.86191773,
          0,
          0.24121861,
          1.7573001,
          4.2823906,
          1
        ]
      },
      {
        "date" : 736174031.104014,
        "title" : "Untitled",
        "transform" : [
          0.99752367,
          -1.9079829e-09,
          -0.07033172,
          0,
          -0.03540451,
          0.8640574,
          -0.5021466,
          0,
          0.060770646,
          0.5033932,
          0.86191773,
          0,
          0.22731948,
          1.6720268,
          4.2160645,
          1
        ]
      },
      {
        "date" : 736173816.379785,
        "title" : "Untitled",
        "transform" : [
          0.99752367,
          -1.9079829e-09,
          -0.07033172,
          0,
          -0.03540451,
          0.8640574,
          -0.5021466,
          0,
          0.060770646,
          0.5033932,
          0.86191773,
          0,
          0.2925526,
          2.0722423,
          4.5273547,
          1
        ]
      },
      {
        "date" : 736173799.2748,
        "title" : "Untitled",
        "transform" : [
          0.99752367,
          5.147721e-09,
          -0.07033174,
          0,
          0.02267352,
          0.94661045,
          0.3215812,
          0,
          0.06657675,
          -0.32237956,
          0.9442664,
          0,
          0.1897225,
          -1.6198539,
          3.3443334,
          1
        ]
      },
      {
        "date" : 736173796.760689,
        "title" : "Untitled",
        "transform" : [
          0.9987537,
          5.1183555e-09,
          0.049910255,
          0,
          -0.03299081,
          0.7503834,
          0.660179,
          0,
          -0.037451833,
          -0.6610029,
          0.7494482,
          0,
          -0.16923971,
          -2.781308,
          2.4658003,
          1
        ]
      },
      {
        "date" : 736173794.572986,
        "title" : "Untitled",
        "transform" : [
          0.9959493,
          6.6678467e-09,
          0.08991635,
          0,
          -0.07854216,
          0.48681948,
          0.86996436,
          0,
          -0.043773033,
          -0.8735026,
          0.48484752,
          0,
          -0.1717918,
          -3.4464717,
          1.391692,
          1
        ]
      },
      {
        "date" : 736173775.631304,
        "title" : "Untitled",
        "transform" : [
          0.9968572,
          -9.887532e-10,
          -0.079219416,
          0,
          -0.039517142,
          0.866699,
          -0.49726388,
          0,
          0.06865938,
          0.4988316,
          0.8639751,
          0,
          0.28039464,
          1.8004477,
          4.249249,
          1
        ]
      },
      {
        "date" : 736173732.994805,
        "title" : "Untitled",
        "transform" : [
          0.9968572,
          -9.887532e-10,
          -0.079219416,
          0,
          -0.039517142,
          0.866699,
          -0.49726388,
          0,
          0.06865938,
          0.4988316,
          0.8639751,
          0,
          0.26678842,
          1.7130806,
          4.043053,
          1
        ]
      }
    ],
    "D66134B1-3681-4A8E-AFE5-29F257229F3B" : [
      {
        "date" : 736741096.855306,
        "title" : "Untitled",
        "transform" : [
          0.97440165,
          2.1043171e-07,
          -0.22481409,
          0,
          -0.2243528,
          0.06402349,
          -0.9724026,
          0,
          0.0143932,
          0.99794835,
          0.06238453,
          0,
          -5.7399445,
          8.828174,
          2.8039544,
          1
        ]
      },
      {
        "date" : 736741085.690561,
        "title" : "Untitled",
        "transform" : [
          0.9763666,
          2.0921283e-07,
          -0.21612076,
          0,
          -0.2077679,
          0.27532578,
          -0.938631,
          0,
          0.059503447,
          0.96135104,
          0.26881883,
          0,
          -5.3857946,
          8.043377,
          4.5178604,
          1
        ]
      },
      {
        "date" : 736741073.56762,
        "title" : "Untitled",
        "transform" : [
          0.9832603,
          2.158025e-07,
          0.18220639,
          0,
          0.08800007,
          0.87563694,
          -0.47488514,
          0,
          -0.1595467,
          0.48297003,
          0.860979,
          0,
          -7.324938,
          3.9461856,
          5.9467854,
          1
        ]
      },
      {
        "date" : 736741070.581987,
        "title" : "Untitled",
        "transform" : [
          0.9073332,
          2.15429e-07,
          0.42041236,
          0,
          0.35347745,
          0.5413651,
          -0.76287454,
          0,
          -0.22759667,
          0.8407877,
          0.49119833,
          0,
          -7.421506,
          6.88278,
          1.46285,
          1
        ]
      },
      {
        "date" : 736741065.635549,
        "title" : "Untitled",
        "transform" : [
          0.9675892,
          2.2117547e-07,
          0.25252977,
          0,
          -0.2463127,
          0.22052775,
          0.9437677,
          0,
          -0.055689633,
          -0.9753806,
          0.21338041,
          0,
          -6.3735614,
          -7.9957843,
          0.1909307,
          1
        ]
      },
      {
        "date" : 736741059.806115,
        "title" : "Untitled",
        "transform" : [
          0.9991435,
          2.1261785e-07,
          0.041378256,
          0,
          0.028902987,
          0.71559983,
          -0.6979122,
          0,
          -0.02961044,
          0.69851047,
          0.71498686,
          0,
          -6.356562,
          5.7145715,
          5.615078,
          1
        ]
      },
      {
        "date" : 736741057.098667,
        "title" : "Untitled",
        "transform" : [
          0.9976802,
          2.1374109e-07,
          0.06807535,
          0,
          0.00023086034,
          0.9999942,
          -0.003386579,
          0,
          -0.06807498,
          0.0033944335,
          0.9976744,
          0,
          -5.4603677,
          0.011970525,
          6.359143,
          1
        ]
      },
      {
        "date" : 736741049.796862,
        "title" : "Untitled",
        "transform" : [
          0.93667394,
          2.1765908e-07,
          0.3502027,
          0,
          0.2805988,
          0.5983336,
          -0.75050735,
          0,
          -0.2095382,
          0.8012471,
          0.5604434,
          0,
          -7.535317,
          2.097751,
          5.079533,
          1
        ]
      },
      {
        "date" : 736473243.693985,
        "title" : "Untitled",
        "transform" : [
          0.9922457,
          -1.5889583e-09,
          0.124292,
          0,
          0.029508801,
          0.97140825,
          -0.23557413,
          0,
          -0.12073828,
          0.2374151,
          0.96387565,
          0,
          -6.292122,
          1.4164275,
          2.7899091,
          1
        ]
      },
      {
        "date" : 736473117.639726,
        "title" : "Untitled",
        "transform" : [
          0.9922457,
          -1.5889583e-09,
          0.124292,
          0,
          0.029508801,
          0.97140825,
          -0.23557413,
          0,
          -0.12073828,
          0.2374151,
          0.96387565,
          0,
          -6.2903037,
          1.4128529,
          2.7753963,
          1
        ]
      }
    ]
  },
  "selectedSceneRelativePath" : "Scene.usda"
}