{
  "advancedEditorSelectedIdentifier" : "ProjectBrowser",
  "openSceneRelativePaths" : [
    "Immersive.usda",
    "Scene.usda"
  ],
  "recentIdentifiers" : {
    "AF09ED6F-1707-48FD-8720-65B998362C09" : [

    ],
    "D66134B1-3681-4A8E-AFE5-29F257229F3B" : [

    ]
  },
  "sceneCameraHistory" : {
    "AF09ED6F-1707-48FD-8720-65B998362C09" : [
      {
        "date" : 737178246.550944,
        "title" : "Untitled",
        "transform" : [
          0.9979137,
          -2.328756e-09,
          0.06456104,
          0,
          0.047013678,
          0.68535924,
          -0.7266859,
          0,
          -0.044247504,
          0.7282051,
          0.6839294,
          0,
          -0.09551257,
          2.2513337,
          1.0054547,
          1
        ]
      },
      {
        "date" : 737009451.238299,
        "title" : "Untitled",
        "transform" : [
          0.9979138,
          -1.3332464e-09,
          0.06456105,
          0,
          0.04701369,
          0.68535924,
          -0.72668594,
          0,
          -0.044247508,
          0.72820514,
          0.6839294,
          0,
          -0.09551263,
          2.2513337,
          1.0054543,
          1
        ]
      },
      {
        "date" : 736754582.090635,
        "title" : "Untitled",
        "transform" : [
          0.9979138,
          1.7030368e-09,
          0.064561054,
          0,
          0.047013693,
          0.6853591,
          -0.726686,
          0,
          -0.044247504,
          0.7282052,
          0.6839293,
          0,
          0.263991,
          3.2449112,
          3.5604591,
          1
        ]
      },
      {
        "date" : 736174063.773702,
        "title" : "Untitled",
        "transform" : [
          0.9984495,
          4.1087977e-10,
          0.055664543,
          0,
          0.026802227,
          0.8764486,
          -0.48074895,
          0,
          -0.04878711,
          0.48149547,
          0.87508965,
          0,
          0.2558266,
          1.8469224,
          4.3520994,
          1
        ]
      },
      {
        "date" : 736174035.552914,
        "title" : "Untitled",
        "transform" : [
          0.99752367,
          -1.9079829e-09,
          -0.07033172,
          0,
          -0.03540451,
          0.8640574,
          -0.5021466,
          0,
          0.060770646,
          0.5033932,
          0.86191773,
          0,
          0.2558266,
          1.8469224,
          4.3520994,
          1
        ]
      },
      {
        "date" : 736174034.1364,
        "title" : "Untitled",
        "transform" : [
          0.99752367,
          -1.9079829e-09,
          -0.07033172,
          0,
          -0.03540451,
          0.8640574,
          -0.5021466,
          0,
          0.060770646,
          0.5033932,
          0.86191773,
          0,
          0.24121861,
          1.7573001,
          4.2823906,
          1
        ]
      },
      {
        "date" : 736174031.104014,
        "title" : "Untitled",
        "transform" : [
          0.99752367,
          -1.9079829e-09,
          -0.07033172,
          0,
          -0.03540451,
          0.8640574,
          -0.5021466,
          0,
          0.060770646,
          0.5033932,
          0.86191773,
          0,
          0.22731948,
          1.6720268,
          4.2160645,
          1
        ]
      },
      {
        "date" : 736173816.379785,
        "title" : "Untitled",
        "transform" : [
          0.99752367,
          -1.9079829e-09,
          -0.07033172,
          0,
          -0.03540451,
          0.8640574,
          -0.5021466,
          0,
          0.060770646,
          0.5033932,
          0.86191773,
          0,
          0.2925526,
          2.0722423,
          4.5273547,
          1
        ]
      },
      {
        "date" : 736173799.2748,
        "title" : "Untitled",
        "transform" : [
          0.99752367,
          5.147721e-09,
          -0.07033174,
          0,
          0.02267352,
          0.94661045,
          0.3215812,
          0,
          0.06657675,
          -0.32237956,
          0.9442664,
          0,
          0.1897225,
          -1.6198539,
          3.3443334,
          1
        ]
      },
      {
        "date" : 736173796.760689,
        "title" : "Untitled",
        "transform" : [
          0.9987537,
          5.1183555e-09,
          0.049910255,
          0,
          -0.03299081,
          0.7503834,
          0.660179,
          0,
          -0.037451833,
          -0.6610029,
          0.7494482,
          0,
          -0.16923971,
          -2.781308,
          2.4658003,
          1
        ]
      }
    ],
    "D66134B1-3681-4A8E-AFE5-29F257229F3B" : [
      {
        "date" : 737001967.989358,
        "title" : "Untitled",
        "transform" : [
          0.9966624,
          2.413435e-09,
          0.0816346,
          0,
          0.052029755,
          0.770575,
          -0.635222,
          0,
          -0.06290559,
          0.63734937,
          0.76800305,
          0,
          -0.51000786,
          3.3006585,
          -1.6733495,
          1
        ]
      },
      {
        "date" : 737000676.534483,
        "title" : "Untitled",
        "transform" : [
          0.99960095,
          5.004125e-09,
          0.028245855,
          0,
          0.007541771,
          0.96369517,
          -0.26689816,
          0,
          -0.027220398,
          0.2670047,
          0.9633107,
          0,
          -0.4680584,
          2.4362984,
          -0.46651137,
          1
        ]
      },
      {
        "date" : 737000669.963205,
        "title" : "Untitled",
        "transform" : [
          0.99960095,
          5.004125e-09,
          0.028245855,
          0,
          0.007541771,
          0.96369517,
          -0.26689816,
          0,
          -0.027220398,
          0.2670047,
          0.9633107,
          0,
          -0.46592945,
          2.2113428,
          -0.9800298,
          1
        ]
      },
      {
        "date" : 737000651.503328,
        "title" : "Untitled",
        "transform" : [
          0.9959503,
          3.7420537e-05,
          -0.08990502,
          0,
          -0.05687756,
          0.77470785,
          -0.6297561,
          0,
          0.069626555,
          0.63231933,
          0.7715726,
          0,
          -0.20339435,
          4.279003,
          -1.17573,
          1
        ]
      },
      {
        "date" : 737000645.465129,
        "title" : "Untitled",
        "transform" : [
          0.9978131,
          1.791004e-07,
          -0.066097535,
          0,
          -0.057537623,
          0.49217755,
          -0.8685912,
          0,
          0.032531537,
          0.87049484,
          0.49110138,
          0,
          -0.260217,
          4.5634756,
          -0.7314265,
          1
        ]
      },
      {
        "date" : 737000642.082795,
        "title" : "Untitled",
        "transform" : [
          0.99943995,
          1.7775584e-07,
          -0.03346129,
          0,
          -0.014962783,
          0.8944526,
          -0.44691232,
          0,
          0.029929414,
          0.4471627,
          0.8939517,
          0,
          -0.26629525,
          2.4586663,
          1.4091569,
          1
        ]
      },
      {
        "date" : 737000640.000172,
        "title" : "Untitled",
        "transform" : [
          0.99943995,
          1.7775584e-07,
          -0.03346129,
          0,
          -0.014962783,
          0.8944526,
          -0.44691232,
          0,
          0.029929414,
          0.4471627,
          0.8939517,
          0,
          -0.30896968,
          5.986514,
          7.8984785,
          1
        ]
      },
      {
        "date" : 737000632.941336,
        "title" : "Untitled",
        "transform" : [
          0.95720905,
          1.901386e-07,
          -0.28939742,
          0,
          -0.28922114,
          0.03489975,
          -0.95662594,
          0,
          0.010099707,
          0.99939084,
          0.033406425,
          0,
          -0.39392775,
          4.68056,
          -3.0647793,
          1
        ]
      },
      {
        "date" : 737000625.614037,
        "title" : "Untitled",
        "transform" : [
          0.95720905,
          1.901386e-07,
          -0.28939742,
          0,
          -0.28922114,
          0.03489975,
          -0.95662594,
          0,
          0.010099707,
          0.99939084,
          0.033406425,
          0,
          -0.328323,
          2.729362,
          -3.0850697,
          1
        ]
      },
      {
        "date" : 737000611.342411,
        "title" : "Untitled",
        "transform" : [
          0.95720905,
          1.901386e-07,
          -0.28939742,
          0,
          -0.28922114,
          0.03489975,
          -0.95662594,
          0,
          0.010099707,
          0.99939084,
          0.033406425,
          0,
          -0.3238699,
          2.596919,
          -3.086447,
          1
        ]
      }
    ]
  },
  "selectedSceneRelativePath" : "Immersive.usda"
}