{
  "advancedEditorSelectedIdentifier" : "ProjectBrowser",
  "openSceneRelativePaths" : [
    "Scene.usda"
  ],
  "recentIdentifiers" : {
    "AF09ED6F-1707-48FD-8720-65B998362C09" : [

    ],
    "D66134B1-3681-4A8E-AFE5-29F257229F3B" : [

    ]
  },
  "sceneCameraHistory" : {
    "AF09ED6F-1707-48FD-8720-65B998362C09" : [
      {
        "date" : 737178246.550944,
        "title" : "Untitled",
        "transform" : [
          0.9979137,
          -2.328756e-09,
          0.06456104,
          0,
          0.047013678,
          0.68535924,
          -0.7266859,
          0,
          -0.044247504,
          0.7282051,
          0.6839294,
          0,
          -0.09551257,
          2.2513337,
          1.0054547,
          1
        ]
      },
      {
        "date" : 737009451.238299,
        "title" : "Untitled",
        "transform" : [
          0.9979138,
          -1.3332464e-09,
          0.06456105,
          0,
          0.04701369,
          0.68535924,
          -0.72668594,
          0,
          -0.044247508,
          0.72820514,
          0.6839294,
          0,
          -0.09551263,
          2.2513337,
          1.0054543,
          1
        ]
      },
      {
        "date" : 736754582.090635,
        "title" : "Untitled",
        "transform" : [
          0.9979138,
          1.7030368e-09,
          0.064561054,
          0,
          0.047013693,
          0.6853591,
          -0.726686,
          0,
          -0.044247504,
          0.7282052,
          0.6839293,
          0,
          0.263991,
          3.2449112,
          3.5604591,
          1
        ]
      },
      {
        "date" : 736174063.773702,
        "title" : "Untitled",
        "transform" : [
          0.9984495,
          4.1087977e-10,
          0.055664543,
          0,
          0.026802227,
          0.8764486,
          -0.48074895,
          0,
          -0.04878711,
          0.48149547,
          0.87508965,
          0,
          0.2558266,
          1.8469224,
          4.3520994,
          1
        ]
      },
      {
        "date" : 736174035.552914,
        "title" : "Untitled",
        "transform" : [
          0.99752367,
          -1.9079829e-09,
          -0.07033172,
          0,
          -0.03540451,
          0.8640574,
          -0.5021466,
          0,
          0.060770646,
          0.5033932,
          0.86191773,
          0,
          0.2558266,
          1.8469224,
          4.3520994,
          1
        ]
      },
      {
        "date" : 736174034.1364,
        "title" : "Untitled",
        "transform" : [
          0.99752367,
          -1.9079829e-09,
          -0.07033172,
          0,
          -0.03540451,
          0.8640574,
          -0.5021466,
          0,
          0.060770646,
          0.5033932,
          0.86191773,
          0,
          0.24121861,
          1.7573001,
          4.2823906,
          1
        ]
      },
      {
        "date" : 736174031.104014,
        "title" : "Untitled",
        "transform" : [
          0.99752367,
          -1.9079829e-09,
          -0.07033172,
          0,
          -0.03540451,
          0.8640574,
          -0.5021466,
          0,
          0.060770646,
          0.5033932,
          0.86191773,
          0,
          0.22731948,
          1.6720268,
          4.2160645,
          1
        ]
      },
      {
        "date" : 736173816.379785,
        "title" : "Untitled",
        "transform" : [
          0.99752367,
          -1.9079829e-09,
          -0.07033172,
          0,
          -0.03540451,
          0.8640574,
          -0.5021466,
          0,
          0.060770646,
          0.5033932,
          0.86191773,
          0,
          0.2925526,
          2.0722423,
          4.5273547,
          1
        ]
      },
      {
        "date" : 736173799.2748,
        "title" : "Untitled",
        "transform" : [
          0.99752367,
          5.147721e-09,
          -0.07033174,
          0,
          0.02267352,
          0.94661045,
          0.3215812,
          0,
          0.06657675,
          -0.32237956,
          0.9442664,
          0,
          0.1897225,
          -1.6198539,
          3.3443334,
          1
        ]
      },
      {
        "date" : 736173796.760689,
        "title" : "Untitled",
        "transform" : [
          0.9987537,
          5.1183555e-09,
          0.049910255,
          0,
          -0.03299081,
          0.7503834,
          0.660179,
          0,
          -0.037451833,
          -0.6610029,
          0.7494482,
          0,
          -0.16923971,
          -2.781308,
          2.4658003,
          1
        ]
      }
    ],
    "D66134B1-3681-4A8E-AFE5-29F257229F3B" : [
      {
        "date" : 737275146.38129,
        "title" : "Untitled",
        "transform" : [
          0.9978457,
          6.0316254e-09,
          -0.065604046,
          0,
          -0.03943603,
          0.79915744,
          -0.5998269,
          0,
          0.052427944,
          0.6011219,
          0.7974358,
          0,
          -1.0965775,
          2.7005455,
          4.0980463,
          1
        ]
      },
      {
        "date" : 737275112.438219,
        "title" : "Untitled",
        "transform" : [
          0.9978458,
          6.0316263e-09,
          -0.06560405,
          0,
          -0.03943603,
          0.79915744,
          -0.5998269,
          0,
          0.052427944,
          0.6011219,
          0.7974358,
          0,
          -0.8751799,
          2.3383286,
          3.8410916,
          1
        ]
      },
      {
        "date" : 737275101.685528,
        "title" : "Untitled",
        "transform" : [
          0.881678,
          5.9572525e-09,
          0.47185174,
          0,
          0.2664826,
          0.8252558,
          -0.4979357,
          0,
          -0.38939837,
          0.5647592,
          0.7276098,
          0,
          -1.5847118,
          2.2661145,
          2.9255807,
          1
        ]
      },
      {
        "date" : 737275052.031713,
        "title" : "Untitled",
        "transform" : [
          0.88167787,
          1.5708736e-08,
          0.47185174,
          0,
          0.26648265,
          0.8252558,
          -0.4979357,
          0,
          -0.38939834,
          0.56475925,
          0.7276097,
          0,
          -0.7934952,
          3.1189394,
          4.9807916,
          1
        ]
      },
      {
        "date" : 737275049.208934,
        "title" : "Untitled",
        "transform" : [
          0.7700195,
          1.5592953e-08,
          0.63802034,
          0,
          0.40595978,
          0.771458,
          -0.48994824,
          0,
          -0.49220586,
          0.6362803,
          0.59403765,
          0,
          -1.5175923,
          3.5485282,
          4.337117,
          1
        ]
      },
      {
        "date" : 737275047.52336,
        "title" : "Untitled",
        "transform" : [
          0.7467892,
          1.6917198e-08,
          0.6650608,
          0,
          0.43228328,
          0.7599423,
          -0.485406,
          0,
          -0.50540775,
          0.6499906,
          0.5675167,
          0,
          -1.6198219,
          3.6311417,
          4.2037106,
          1
        ]
      },
      {
        "date" : 737274751.416032,
        "title" : "Untitled",
        "transform" : [
          0.9797217,
          1.59687e-08,
          0.20036311,
          0,
          0.14332594,
          0.6987859,
          -0.7008253,
          0,
          -0.14001091,
          0.715331,
          0.68461573,
          0,
          0.7720196,
          4.0262313,
          4.5478444,
          1
        ]
      },
      {
        "date" : 737274618.745369,
        "title" : "Untitled",
        "transform" : [
          0.97695553,
          1.6700701e-08,
          0.2134427,
          0,
          0.1712766,
          0.5967225,
          -0.78395575,
          0,
          -0.12736607,
          0.80244774,
          0.5829714,
          0,
          0.8578129,
          4.3213153,
          4.0004053,
          1
        ]
      },
      {
        "date" : 737274591.657975,
        "title" : "Untitled",
        "transform" : [
          0.99030787,
          1.6663451e-08,
          0.13888948,
          0,
          0.1107051,
          0.60388243,
          -0.78934807,
          0,
          -0.08387293,
          0.7970734,
          0.5980295,
          0,
          1.1527712,
          4.287793,
          3.9621706,
          1
        ]
      },
      {
        "date" : 737274581.144967,
        "title" : "Untitled",
        "transform" : [
          0.99030787,
          1.6663451e-08,
          0.13888948,
          0,
          0.1107051,
          0.60388243,
          -0.78934807,
          0,
          -0.08387293,
          0.7970734,
          0.5980295,
          0,
          0.6101437,
          2.2694616,
          2.0971146,
          1
        ]
      }
    ]
  },
  "selectedSceneRelativePath" : "Scene.usda"
}