{
  "advancedEditorSelectedIdentifier" : "ProjectBrowser",
  "openSceneRelativePaths" : [
    "Scene.usda"
  ],
  "recentIdentifiers" : {
    "AF09ED6F-1707-48FD-8720-65B998362C09" : [

    ],
    "D66134B1-3681-4A8E-AFE5-29F257229F3B" : [

    ]
  },
  "sceneCameraHistory" : {
    "AF09ED6F-1707-48FD-8720-65B998362C09" : [
      {
        "date" : 737178246.550944,
        "title" : "Untitled",
        "transform" : [
          0.9979137,
          -2.328756e-09,
          0.06456104,
          0,
          0.047013678,
          0.68535924,
          -0.7266859,
          0,
          -0.044247504,
          0.7282051,
          0.6839294,
          0,
          -0.09551257,
          2.2513337,
          1.0054547,
          1
        ]
      },
      {
        "date" : 737009451.238299,
        "title" : "Untitled",
        "transform" : [
          0.9979138,
          -1.3332464e-09,
          0.06456105,
          0,
          0.04701369,
          0.68535924,
          -0.72668594,
          0,
          -0.044247508,
          0.72820514,
          0.6839294,
          0,
          -0.09551263,
          2.2513337,
          1.0054543,
          1
        ]
      },
      {
        "date" : 736754582.090635,
        "title" : "Untitled",
        "transform" : [
          0.9979138,
          1.7030368e-09,
          0.064561054,
          0,
          0.047013693,
          0.6853591,
          -0.726686,
          0,
          -0.044247504,
          0.7282052,
          0.6839293,
          0,
          0.263991,
          3.2449112,
          3.5604591,
          1
        ]
      },
      {
        "date" : 736174063.773702,
        "title" : "Untitled",
        "transform" : [
          0.9984495,
          4.1087977e-10,
          0.055664543,
          0,
          0.026802227,
          0.8764486,
          -0.48074895,
          0,
          -0.04878711,
          0.48149547,
          0.87508965,
          0,
          0.2558266,
          1.8469224,
          4.3520994,
          1
        ]
      },
      {
        "date" : 736174035.552914,
        "title" : "Untitled",
        "transform" : [
          0.99752367,
          -1.9079829e-09,
          -0.07033172,
          0,
          -0.03540451,
          0.8640574,
          -0.5021466,
          0,
          0.060770646,
          0.5033932,
          0.86191773,
          0,
          0.2558266,
          1.8469224,
          4.3520994,
          1
        ]
      },
      {
        "date" : 736174034.1364,
        "title" : "Untitled",
        "transform" : [
          0.99752367,
          -1.9079829e-09,
          -0.07033172,
          0,
          -0.03540451,
          0.8640574,
          -0.5021466,
          0,
          0.060770646,
          0.5033932,
          0.86191773,
          0,
          0.24121861,
          1.7573001,
          4.2823906,
          1
        ]
      },
      {
        "date" : 736174031.104014,
        "title" : "Untitled",
        "transform" : [
          0.99752367,
          -1.9079829e-09,
          -0.07033172,
          0,
          -0.03540451,
          0.8640574,
          -0.5021466,
          0,
          0.060770646,
          0.5033932,
          0.86191773,
          0,
          0.22731948,
          1.6720268,
          4.2160645,
          1
        ]
      },
      {
        "date" : 736173816.379785,
        "title" : "Untitled",
        "transform" : [
          0.99752367,
          -1.9079829e-09,
          -0.07033172,
          0,
          -0.03540451,
          0.8640574,
          -0.5021466,
          0,
          0.060770646,
          0.5033932,
          0.86191773,
          0,
          0.2925526,
          2.0722423,
          4.5273547,
          1
        ]
      },
      {
        "date" : 736173799.2748,
        "title" : "Untitled",
        "transform" : [
          0.99752367,
          5.147721e-09,
          -0.07033174,
          0,
          0.02267352,
          0.94661045,
          0.3215812,
          0,
          0.06657675,
          -0.32237956,
          0.9442664,
          0,
          0.1897225,
          -1.6198539,
          3.3443334,
          1
        ]
      },
      {
        "date" : 736173796.760689,
        "title" : "Untitled",
        "transform" : [
          0.9987537,
          5.1183555e-09,
          0.049910255,
          0,
          -0.03299081,
          0.7503834,
          0.660179,
          0,
          -0.037451833,
          -0.6610029,
          0.7494482,
          0,
          -0.16923971,
          -2.781308,
          2.4658003,
          1
        ]
      }
    ],
    "D66134B1-3681-4A8E-AFE5-29F257229F3B" : [
      {
        "date" : 737341059.925645,
        "title" : "Untitled",
        "transform" : [
          0.97089726,
          -3.5693306e-09,
          0.23949608,
          0,
          0.039164998,
          0.98653823,
          -0.15877165,
          0,
          -0.23627204,
          0.16353083,
          0.95782727,
          0,
          -1.4958826,
          4.610654,
          7.464388,
          1
        ]
      },
      {
        "date" : 737341052.587802,
        "title" : "Untitled",
        "transform" : [
          0.9807085,
          1.8958664e-09,
          0.19547611,
          0,
          0.07029791,
          0.9330972,
          -0.35268638,
          0,
          -0.18239821,
          0.3596241,
          0.91509634,
          0,
          -3.5944245,
          11.073593,
          19.151484,
          1
        ]
      },
      {
        "date" : 737341039.417297,
        "title" : "Untitled",
        "transform" : [
          0.9807085,
          1.8958664e-09,
          0.19547611,
          0,
          0.07029791,
          0.9330972,
          -0.35268638,
          0,
          -0.18239821,
          0.3596241,
          0.91509634,
          0,
          -1.6549617,
          6.192163,
          10.809778,
          1
        ]
      },
      {
        "date" : 737341023.82242,
        "title" : "Untitled",
        "transform" : [
          0.9807085,
          1.8958664e-09,
          0.19547611,
          0,
          0.07029791,
          0.9330972,
          -0.35268638,
          0,
          -0.18239821,
          0.3596241,
          0.91509634,
          0,
          -0.7900019,
          4.4867735,
          6.4702663,
          1
        ]
      },
      {
        "date" : 737341016.281755,
        "title" : "Untitled",
        "transform" : [
          0.9807085,
          1.8958664e-09,
          0.19547611,
          0,
          0.07029791,
          0.9330972,
          -0.35268638,
          0,
          -0.18239821,
          0.3596241,
          0.91509634,
          0,
          -0.3075,
          3.5354517,
          4.0495343,
          1
        ]
      },
      {
        "date" : 737341011.116695,
        "title" : "Untitled",
        "transform" : [
          0.80354273,
          1.2992812e-08,
          0.59524703,
          0,
          0.19984876,
          0.94195443,
          -0.26978213,
          0,
          -0.56069565,
          0.33574086,
          0.75690067,
          0,
          -0.3075,
          3.5354517,
          4.0495343,
          1
        ]
      },
      {
        "date" : 737340988.516629,
        "title" : "Untitled",
        "transform" : [
          0.9907467,
          -6.4840435e-09,
          0.13572392,
          0,
          0.06860056,
          0.8628607,
          -0.50076485,
          0,
          -0.11711083,
          0.50544184,
          0.85487634,
          0,
          -0.49671733,
          4.1366262,
          4.6993194,
          1
        ]
      },
      {
        "date" : 737340977.509804,
        "title" : "Untitled",
        "transform" : [
          0.9978457,
          6.0316254e-09,
          -0.065604046,
          0,
          -0.03943603,
          0.79915744,
          -0.5998269,
          0,
          0.052427944,
          0.6011219,
          0.7974358,
          0,
          -0.8295231,
          6.378082,
          8.666942,
          1
        ]
      },
      {
        "date" : 737340939.336926,
        "title" : "Untitled",
        "transform" : [
          0.9978457,
          6.0316254e-09,
          -0.065604046,
          0,
          -0.03943603,
          0.79915744,
          -0.5998269,
          0,
          0.052427944,
          0.6011219,
          0.7974358,
          0,
          -0.529124,
          9.822358,
          13.236068,
          1
        ]
      },
      {
        "date" : 737340908.322971,
        "title" : "Untitled",
        "transform" : [
          0.9978457,
          6.0316254e-09,
          -0.065604046,
          0,
          -0.03943603,
          0.79915744,
          -0.5998269,
          0,
          0.052427944,
          0.6011219,
          0.7974358,
          0,
          4.0016804,
          15.77433,
          18.915634,
          1
        ]
      }
    ]
  },
  "selectedSceneRelativePath" : "Scene.usda"
}